#DeepConCNF_SS8: eight-class secondary structure prediction results 
#probabilities are in the order of H G I E B T S L(loops), the 8 secondary structure types used in DSSP 
   1 M L   0.000 0.000 0.000 0.001 0.000 0.000 0.000 0.998 
   2 M L   0.003 0.002 0.000 0.107 0.013 0.006 0.001 0.869 
   3 T L   0.006 0.002 0.000 0.220 0.019 0.010 0.041 0.702 
   4 I L   0.015 0.009 0.000 0.244 0.022 0.010 0.057 0.643 
   5 S L   0.019 0.019 0.000 0.167 0.005 0.014 0.058 0.717 
   6 K L   0.058 0.054 0.000 0.152 0.020 0.048 0.132 0.535 
   7 T L   0.055 0.046 0.000 0.101 0.005 0.056 0.115 0.622 
   8 D L   0.063 0.033 0.000 0.122 0.008 0.045 0.213 0.516 
   9 I L   0.069 0.018 0.000 0.211 0.011 0.028 0.071 0.591 
  10 D L   0.071 0.029 0.000 0.306 0.006 0.019 0.120 0.449 
  11 C E   0.076 0.045 0.000 0.498 0.008 0.026 0.035 0.312 
  12 Y E   0.070 0.057 0.000 0.599 0.007 0.034 0.074 0.158 
  13 L E   0.056 0.052 0.000 0.639 0.006 0.037 0.074 0.136 
  14 Q E   0.037 0.043 0.000 0.663 0.004 0.029 0.072 0.152 
  15 T E   0.028 0.032 0.000 0.733 0.004 0.023 0.086 0.094 
  16 Y E   0.019 0.020 0.000 0.807 0.003 0.015 0.045 0.091 
  17 V E   0.011 0.010 0.000 0.863 0.002 0.005 0.015 0.094 
  18 V E   0.008 0.006 0.000 0.909 0.004 0.003 0.007 0.063 
  19 I E   0.006 0.005 0.000 0.881 0.009 0.002 0.013 0.084 
  20 D E   0.004 0.007 0.000 0.629 0.005 0.016 0.070 0.269 
  21 P E   0.004 0.014 0.000 0.485 0.013 0.116 0.116 0.252 
  22 V E   0.002 0.017 0.000 0.365 0.028 0.087 0.169 0.331 
  23 S S   0.003 0.021 0.000 0.273 0.012 0.082 0.366 0.242 
  24 N S   0.002 0.012 0.000 0.267 0.005 0.176 0.357 0.181 
  25 G E   0.004 0.009 0.000 0.528 0.018 0.129 0.131 0.181 
  26 W E   0.003 0.003 0.000 0.753 0.014 0.005 0.012 0.209 
  27 Q E   0.006 0.003 0.000 0.822 0.023 0.005 0.007 0.134 
  28 W E   0.010 0.007 0.000 0.808 0.017 0.042 0.020 0.096 
  29 G E   0.008 0.009 0.000 0.711 0.005 0.076 0.056 0.134 
  30 I E   0.009 0.010 0.000 0.646 0.069 0.047 0.058 0.160 
  31 D L   0.003 0.010 0.000 0.345 0.028 0.020 0.094 0.500 
  32 E T   0.007 0.039 0.000 0.076 0.009 0.714 0.101 0.054 
  33 N T   0.006 0.037 0.000 0.052 0.006 0.754 0.082 0.063 
  34 G S   0.005 0.037 0.000 0.088 0.021 0.074 0.620 0.155 
  35 V L   0.018 0.034 0.000 0.139 0.096 0.136 0.238 0.338 
  36 G L   0.031 0.065 0.000 0.171 0.043 0.206 0.209 0.275 
  37 G L   0.049 0.074 0.000 0.221 0.016 0.130 0.213 0.297 
  38 A E   0.071 0.078 0.000 0.344 0.025 0.087 0.131 0.263 
  39 L E   0.071 0.084 0.000 0.432 0.030 0.086 0.101 0.196 
  40 H E   0.058 0.095 0.000 0.426 0.033 0.122 0.047 0.220 
  41 H E   0.037 0.077 0.000 0.353 0.019 0.238 0.064 0.211 
  42 G E   0.017 0.038 0.000 0.350 0.011 0.210 0.089 0.285 
  43 R E   0.018 0.021 0.000 0.528 0.023 0.063 0.068 0.279 
  44 V E   0.013 0.010 0.000 0.659 0.011 0.010 0.020 0.276 
  45 E E   0.016 0.009 0.000 0.764 0.015 0.006 0.015 0.177 
  46 M E   0.020 0.008 0.000 0.776 0.019 0.007 0.013 0.158 
  47 V E   0.019 0.010 0.000 0.626 0.008 0.023 0.034 0.279 
  48 E E   0.018 0.019 0.000 0.465 0.009 0.113 0.115 0.261 
  49 G E   0.013 0.028 0.000 0.353 0.017 0.141 0.130 0.319 
  50 E T   0.014 0.042 0.000 0.239 0.025 0.324 0.144 0.212 
  51 N T   0.008 0.030 0.000 0.148 0.003 0.461 0.196 0.155 
  52 G E   0.014 0.025 0.000 0.402 0.008 0.147 0.256 0.148 
  53 Y E   0.018 0.016 0.000 0.760 0.017 0.059 0.045 0.086 
  54 F E   0.018 0.017 0.000 0.803 0.013 0.075 0.021 0.053 
  55 G E   0.017 0.021 0.000 0.755 0.012 0.063 0.025 0.106 
  56 L E   0.018 0.028 0.000 0.636 0.026 0.095 0.050 0.147 
  57 R T   0.016 0.028 0.000 0.302 0.006 0.508 0.028 0.112 
  58 G T   0.008 0.026 0.000 0.198 0.013 0.520 0.106 0.130 
  59 A L   0.005 0.008 0.000 0.098 0.027 0.039 0.041 0.781 
  60 T S   0.004 0.004 0.000 0.038 0.015 0.017 0.489 0.434 
  61 H S   0.003 0.003 0.000 0.013 0.005 0.019 0.609 0.348 
  62 P L   0.071 0.016 0.000 0.010 0.014 0.098 0.190 0.601 
  63 T L   0.150 0.013 0.000 0.005 0.012 0.056 0.211 0.553 
  64 E H   0.925 0.014 0.000 0.001 0.001 0.021 0.018 0.020 
  65 K H   0.968 0.009 0.000 0.001 0.000 0.011 0.006 0.005 
  66 E H   0.979 0.008 0.000 0.001 0.000 0.006 0.003 0.004 
  67 A H   0.985 0.004 0.000 0.000 0.000 0.004 0.001 0.005 
  68 M H   0.986 0.004 0.000 0.000 0.000 0.007 0.001 0.002 
  69 A H   0.984 0.004 0.000 0.000 0.000 0.010 0.001 0.001 
  70 A H   0.977 0.004 0.000 0.000 0.000 0.014 0.002 0.002 
  71 A H   0.968 0.005 0.000 0.001 0.000 0.021 0.002 0.003 
  72 L H   0.956 0.005 0.000 0.000 0.000 0.032 0.003 0.002 
  73 G H   0.956 0.005 0.000 0.001 0.000 0.030 0.004 0.004 
  74 Y H   0.972 0.005 0.000 0.003 0.000 0.008 0.004 0.007 
  75 L H   0.976 0.006 0.000 0.005 0.000 0.006 0.002 0.004 
  76 W H   0.961 0.008 0.001 0.006 0.000 0.018 0.002 0.005 
  77 K H   0.922 0.010 0.000 0.005 0.001 0.051 0.005 0.006 
  78 C H   0.836 0.014 0.001 0.003 0.001 0.098 0.016 0.032 
  79 R H   0.858 0.018 0.001 0.003 0.001 0.066 0.019 0.034 
  80 Q H   0.889 0.016 0.000 0.005 0.002 0.043 0.026 0.020 
  81 D H   0.894 0.012 0.001 0.009 0.002 0.025 0.019 0.039 
  82 L H   0.937 0.006 0.000 0.015 0.002 0.009 0.009 0.022 
  83 V H   0.949 0.004 0.000 0.019 0.001 0.008 0.006 0.013 
  84 A H   0.947 0.003 0.000 0.019 0.001 0.009 0.004 0.016 
  85 I H   0.952 0.003 0.000 0.017 0.001 0.009 0.003 0.015 
  86 A H   0.941 0.003 0.000 0.013 0.001 0.016 0.005 0.020 
  87 R H   0.923 0.005 0.000 0.005 0.001 0.038 0.009 0.019 
  88 N H   0.902 0.006 0.000 0.002 0.000 0.052 0.013 0.025 
  89 D H   0.903 0.005 0.000 0.002 0.001 0.029 0.012 0.048 
  90 A H   0.942 0.004 0.000 0.002 0.001 0.016 0.009 0.025 
  91 I H   0.935 0.003 0.000 0.003 0.001 0.017 0.009 0.032 
  92 E H   0.924 0.003 0.000 0.002 0.001 0.015 0.005 0.051 
  93 A H   0.931 0.005 0.000 0.002 0.001 0.015 0.005 0.042 
  94 E H   0.923 0.008 0.000 0.002 0.000 0.022 0.005 0.040 
  95 K H   0.920 0.009 0.000 0.001 0.000 0.021 0.006 0.043 
  96 Y H   0.913 0.009 0.000 0.001 0.000 0.018 0.009 0.050 
  97 R H   0.880 0.009 0.000 0.002 0.001 0.027 0.007 0.074 
  98 A H   0.779 0.009 0.000 0.004 0.002 0.049 0.015 0.142 
  99 K L   0.399 0.007 0.000 0.004 0.004 0.104 0.001 0.481 
 100 A L   0.002 0.000 0.000 0.000 0.000 0.000 0.000 0.997 
