#DeepConCNF_SS8: eight-class secondary structure prediction results 
#probabilities are in the order of H G I E B T S L(loops), the 8 secondary structure types used in DSSP 
   1 M L   0.000 0.000 0.000 0.000 0.000 0.000 0.000 0.999 
   2 I L   0.010 0.004 0.000 0.009 0.015 0.006 0.001 0.956 
   3 D L   0.017 0.007 0.000 0.008 0.007 0.017 0.038 0.906 
   4 F L   0.129 0.025 0.000 0.005 0.005 0.055 0.027 0.754 
   5 N L   0.168 0.022 0.000 0.001 0.001 0.078 0.042 0.689 
   6 S H   0.658 0.017 0.000 0.002 0.003 0.058 0.057 0.205 
   7 I H   0.926 0.004 0.000 0.001 0.001 0.022 0.016 0.030 
   8 D H   0.973 0.003 0.000 0.001 0.000 0.008 0.004 0.012 
   9 H H   0.983 0.002 0.000 0.000 0.000 0.005 0.001 0.008 
  10 A H   0.989 0.001 0.000 0.001 0.000 0.003 0.001 0.005 
  11 I H   0.989 0.002 0.000 0.001 0.000 0.003 0.001 0.005 
  12 A H   0.984 0.003 0.000 0.001 0.000 0.006 0.001 0.005 
  13 L H   0.976 0.006 0.000 0.001 0.000 0.011 0.002 0.004 
  14 I H   0.925 0.008 0.000 0.001 0.000 0.047 0.006 0.012 
  15 Q H   0.838 0.006 0.000 0.001 0.001 0.075 0.014 0.065 
  16 K H   0.700 0.003 0.000 0.001 0.003 0.116 0.114 0.063 
  17 D L   0.018 0.002 0.000 0.001 0.002 0.006 0.090 0.882 
  18 P H   0.527 0.265 0.000 0.000 0.000 0.137 0.036 0.034 
  19 E H   0.555 0.258 0.000 0.000 0.001 0.122 0.029 0.035 
  20 Q H   0.610 0.263 0.000 0.000 0.001 0.050 0.023 0.053 
  21 A H   0.769 0.035 0.000 0.001 0.003 0.038 0.025 0.129 
  22 N H   0.784 0.017 0.000 0.002 0.005 0.049 0.051 0.092 
  23 A H   0.837 0.013 0.000 0.002 0.002 0.056 0.025 0.064 
  24 I H   0.859 0.012 0.001 0.002 0.003 0.053 0.021 0.049 
  25 A H   0.860 0.011 0.001 0.002 0.003 0.062 0.021 0.040 
  26 G H   0.862 0.009 0.001 0.001 0.001 0.065 0.017 0.044 
  27 E H   0.933 0.005 0.000 0.001 0.001 0.029 0.007 0.023 
  28 Y H   0.965 0.003 0.000 0.001 0.000 0.013 0.004 0.013 
  29 A H   0.985 0.002 0.000 0.001 0.000 0.006 0.002 0.004 
  30 Y H   0.992 0.001 0.000 0.000 0.000 0.003 0.001 0.002 
  31 Q H   0.994 0.001 0.000 0.000 0.000 0.003 0.000 0.002 
  32 M H   0.995 0.001 0.000 0.000 0.000 0.003 0.000 0.001 
  33 A H   0.994 0.001 0.000 0.000 0.000 0.003 0.000 0.001 
  34 R H   0.994 0.001 0.000 0.000 0.000 0.003 0.000 0.001 
  35 E H   0.993 0.001 0.000 0.000 0.000 0.004 0.000 0.001 
  36 A H   0.991 0.002 0.000 0.000 0.000 0.004 0.000 0.001 
  37 Y H   0.983 0.003 0.000 0.001 0.000 0.009 0.001 0.003 
  38 E H   0.972 0.004 0.000 0.001 0.000 0.012 0.002 0.008 
  39 I H   0.965 0.005 0.000 0.003 0.001 0.014 0.002 0.010 
  40 A H   0.936 0.009 0.000 0.003 0.001 0.033 0.006 0.012 
  41 S H   0.804 0.021 0.001 0.002 0.001 0.132 0.015 0.025 
  42 E H   0.689 0.029 0.000 0.003 0.003 0.186 0.035 0.054 
  43 S H   0.395 0.035 0.000 0.002 0.005 0.385 0.066 0.112 
  44 G T   0.024 0.035 0.000 0.001 0.003 0.621 0.081 0.235 
  45 F T   0.016 0.056 0.000 0.002 0.006 0.518 0.086 0.318 
  46 G L   0.015 0.068 0.000 0.003 0.008 0.384 0.114 0.407 
  47 M L   0.026 0.090 0.000 0.003 0.007 0.283 0.077 0.514 
  48 E L   0.052 0.110 0.000 0.002 0.003 0.334 0.115 0.384 
  49 D L   0.120 0.121 0.000 0.006 0.012 0.214 0.173 0.354 
  50 E H   0.264 0.131 0.000 0.005 0.010 0.200 0.169 0.221 
  51 D L   0.295 0.089 0.001 0.002 0.005 0.155 0.047 0.405 
  52 F H   0.854 0.047 0.000 0.001 0.002 0.023 0.019 0.053 
  53 E H   0.941 0.024 0.000 0.002 0.001 0.013 0.009 0.010 
  54 D H   0.950 0.022 0.000 0.001 0.000 0.013 0.004 0.010 
  55 Q H   0.971 0.012 0.000 0.001 0.000 0.007 0.002 0.007 
  56 L H   0.980 0.008 0.000 0.000 0.000 0.005 0.002 0.004 
  57 E H   0.983 0.006 0.000 0.000 0.000 0.005 0.002 0.003 
  58 F H   0.988 0.003 0.000 0.000 0.000 0.004 0.001 0.003 
  59 L H   0.989 0.002 0.000 0.000 0.000 0.005 0.001 0.001 
  60 I H   0.988 0.002 0.000 0.000 0.000 0.005 0.001 0.003 
  61 N H   0.977 0.003 0.000 0.001 0.000 0.015 0.002 0.003 
  62 A H   0.745 0.005 0.000 0.000 0.000 0.239 0.007 0.004 
  63 G H   0.678 0.007 0.000 0.001 0.000 0.274 0.013 0.027 
  64 L H   0.700 0.008 0.000 0.019 0.005 0.030 0.046 0.192 
  65 V H   0.732 0.008 0.000 0.046 0.007 0.025 0.021 0.160 
  66 F H   0.721 0.007 0.000 0.055 0.016 0.021 0.080 0.101 
  67 D H   0.645 0.003 0.000 0.028 0.004 0.013 0.027 0.280 
  68 V H   0.961 0.005 0.000 0.001 0.000 0.008 0.005 0.020 
  69 Q H   0.980 0.006 0.000 0.000 0.000 0.007 0.002 0.004 
  70 E H   0.981 0.008 0.000 0.000 0.000 0.006 0.001 0.004 
  71 A H   0.984 0.005 0.000 0.000 0.000 0.004 0.001 0.006 
  72 I H   0.979 0.006 0.000 0.001 0.000 0.006 0.001 0.008 
  73 N H   0.963 0.006 0.000 0.000 0.000 0.019 0.002 0.009 
  74 K H   0.938 0.007 0.000 0.001 0.000 0.039 0.005 0.011 
  75 A H   0.901 0.008 0.000 0.001 0.001 0.034 0.010 0.046 
  76 R H   0.854 0.010 0.000 0.001 0.000 0.049 0.019 0.066 
  77 S H   0.828 0.014 0.000 0.002 0.001 0.053 0.022 0.079 
  78 L H   0.799 0.016 0.000 0.004 0.002 0.052 0.028 0.100 
  79 H H   0.776 0.017 0.000 0.007 0.003 0.056 0.018 0.122 
  80 I H   0.724 0.023 0.000 0.007 0.002 0.061 0.029 0.155 
  81 A H   0.547 0.028 0.000 0.005 0.002 0.157 0.038 0.222 
  82 N L   0.233 0.030 0.000 0.003 0.002 0.257 0.048 0.426 
  83 Q L   0.051 0.024 0.000 0.004 0.003 0.075 0.127 0.716 
  84 S L   0.011 0.012 0.000 0.004 0.003 0.017 0.057 0.895 
  85 P L   0.004 0.005 0.000 0.004 0.003 0.009 0.001 0.975 
  86 C L   0.000 0.000 0.000 0.000 0.000 0.000 0.000 0.999 
