#DeepConCNF_SS8: eight-class secondary structure prediction results 
#probabilities are in the order of H G I E B T S L(loops), the 8 secondary structure types used in DSSP 
   1 M L   0.000 0.000 0.000 0.002 0.000 0.001 0.001 0.995 
   2 K L   0.092 0.004 0.000 0.191 0.009 0.019 0.002 0.683 
   3 F E   0.220 0.006 0.000 0.659 0.010 0.018 0.021 0.067 
   4 I E   0.227 0.006 0.000 0.697 0.001 0.008 0.010 0.051 
   5 K E   0.236 0.005 0.000 0.682 0.001 0.012 0.006 0.058 
   6 Y E   0.245 0.003 0.000 0.639 0.004 0.019 0.020 0.069 
   7 L E   0.251 0.004 0.000 0.474 0.006 0.015 0.065 0.185 
   8 S L   0.263 0.013 0.000 0.211 0.004 0.028 0.084 0.398 
   9 T H   0.360 0.112 0.000 0.069 0.004 0.116 0.199 0.140 
  10 A H   0.311 0.144 0.000 0.030 0.002 0.192 0.203 0.117 
  11 H H   0.269 0.160 0.000 0.030 0.005 0.185 0.142 0.208 
  12 L L   0.231 0.151 0.000 0.043 0.006 0.068 0.052 0.448 
  13 N L   0.170 0.151 0.000 0.072 0.003 0.095 0.151 0.358 
  14 Y E   0.150 0.128 0.000 0.260 0.008 0.143 0.066 0.246 
  15 M E   0.101 0.033 0.000 0.405 0.004 0.079 0.070 0.308 
  16 N E   0.077 0.008 0.000 0.619 0.003 0.052 0.058 0.182 
  17 I E   0.070 0.006 0.000 0.785 0.002 0.006 0.010 0.121 
  18 A E   0.073 0.011 0.000 0.824 0.002 0.006 0.007 0.077 
  19 V E   0.071 0.014 0.000 0.808 0.003 0.014 0.011 0.079 
  20 Y E   0.063 0.014 0.000 0.681 0.004 0.027 0.024 0.187 
  21 E E   0.057 0.020 0.000 0.424 0.006 0.310 0.084 0.099 
  22 N T   0.039 0.024 0.000 0.059 0.002 0.656 0.088 0.132 
  23 G T   0.063 0.033 0.000 0.020 0.001 0.564 0.173 0.146 
  24 S T   0.096 0.021 0.000 0.126 0.003 0.302 0.155 0.295 
  25 K E   0.126 0.007 0.000 0.573 0.019 0.059 0.069 0.146 
  26 I E   0.132 0.003 0.000 0.649 0.004 0.006 0.016 0.190 
  27 K E   0.154 0.003 0.000 0.681 0.003 0.005 0.007 0.148 
  28 A E   0.180 0.003 0.000 0.723 0.002 0.006 0.016 0.069 
  29 R E   0.182 0.005 0.000 0.734 0.002 0.009 0.013 0.055 
  30 V E   0.187 0.006 0.000 0.710 0.002 0.016 0.012 0.066 
  31 E E   0.187 0.010 0.000 0.631 0.005 0.033 0.047 0.087 
  32 N E   0.178 0.014 0.000 0.542 0.006 0.054 0.056 0.149 
  33 V E   0.163 0.019 0.000 0.472 0.009 0.124 0.046 0.167 
  34 V E   0.127 0.025 0.000 0.366 0.021 0.241 0.095 0.125 
  35 N T   0.036 0.025 0.000 0.070 0.005 0.584 0.089 0.191 
  36 G T   0.009 0.021 0.000 0.034 0.001 0.529 0.074 0.331 
  37 K E   0.018 0.018 0.000 0.332 0.039 0.087 0.185 0.320 
  38 S E   0.019 0.014 0.000 0.429 0.060 0.032 0.138 0.308 
  39 V L   0.017 0.023 0.000 0.317 0.010 0.087 0.103 0.443 
  40 G L   0.020 0.053 0.000 0.259 0.018 0.163 0.170 0.316 
  41 A L   0.020 0.083 0.000 0.226 0.026 0.106 0.067 0.472 
  42 R L   0.017 0.093 0.000 0.185 0.026 0.130 0.189 0.359 
  43 D L   0.009 0.057 0.000 0.134 0.034 0.137 0.213 0.417 
  44 F L   0.004 0.020 0.000 0.033 0.010 0.102 0.065 0.766 
  45 D L   0.014 0.010 0.000 0.010 0.009 0.070 0.119 0.768 
  46 S L   0.084 0.013 0.000 0.011 0.028 0.031 0.274 0.560 
  47 T H   0.765 0.053 0.000 0.004 0.004 0.048 0.073 0.053 
  48 E H   0.846 0.061 0.000 0.005 0.002 0.044 0.029 0.012 
  49 Q H   0.857 0.063 0.000 0.004 0.002 0.030 0.014 0.029 
  50 L H   0.856 0.050 0.000 0.005 0.003 0.028 0.015 0.043 
  51 E H   0.837 0.058 0.001 0.009 0.004 0.040 0.022 0.028 
  52 S H   0.795 0.084 0.001 0.015 0.006 0.048 0.020 0.030 
  53 W H   0.748 0.123 0.001 0.018 0.004 0.078 0.012 0.016 
  54 F H   0.656 0.143 0.002 0.027 0.013 0.119 0.019 0.021 
  55 Y H   0.444 0.113 0.001 0.021 0.007 0.372 0.022 0.021 
  56 G T   0.153 0.056 0.000 0.011 0.014 0.629 0.043 0.093 
  57 L L   0.005 0.008 0.000 0.008 0.015 0.023 0.290 0.651 
  58 P T   0.024 0.045 0.000 0.004 0.006 0.715 0.075 0.130 
  59 G T   0.029 0.053 0.000 0.006 0.009 0.716 0.078 0.108 
  60 S L   0.056 0.072 0.000 0.003 0.007 0.092 0.267 0.503 
  61 G L   0.217 0.072 0.000 0.003 0.009 0.070 0.187 0.441 
  62 L H   0.630 0.108 0.000 0.004 0.007 0.091 0.057 0.103 
  63 G H   0.701 0.100 0.000 0.003 0.003 0.065 0.028 0.101 
  64 R H   0.787 0.084 0.000 0.003 0.003 0.024 0.022 0.078 
  65 I H   0.878 0.050 0.000 0.003 0.003 0.014 0.016 0.036 
  66 E H   0.910 0.045 0.000 0.002 0.001 0.016 0.008 0.017 
  67 N H   0.903 0.039 0.000 0.001 0.001 0.027 0.008 0.020 
  68 A H   0.906 0.034 0.000 0.001 0.001 0.025 0.009 0.024 
  69 M H   0.902 0.032 0.000 0.001 0.001 0.024 0.013 0.026 
  70 N H   0.859 0.030 0.000 0.001 0.001 0.053 0.016 0.040 
  71 E H   0.819 0.024 0.000 0.002 0.001 0.075 0.016 0.063 
  72 I H   0.748 0.016 0.000 0.004 0.002 0.047 0.045 0.138 
  73 S H   0.637 0.013 0.000 0.006 0.002 0.023 0.016 0.304 
  74 R H   0.559 0.016 0.000 0.007 0.004 0.045 0.020 0.349 
  75 R L   0.175 0.016 0.000 0.004 0.002 0.070 0.037 0.696 
  76 E L   0.031 0.012 0.000 0.001 0.001 0.026 0.036 0.893 
  77 N L   0.008 0.004 0.000 0.001 0.001 0.010 0.000 0.976 
  78 P L   0.000 0.000 0.000 0.000 0.000 0.000 0.000 0.999 
