#DeepConCNF_SS8: eight-class secondary structure prediction results 
#probabilities are in the order of H G I E B T S L(loops), the 8 secondary structure types used in DSSP 
   1 M L   0.000 0.000 0.000 0.000 0.000 0.000 0.001 0.999 
   2 E L   0.000 0.002 0.000 0.019 0.007 0.009 0.001 0.961 
   3 L L   0.001 0.004 0.000 0.140 0.007 0.015 0.037 0.797 
   4 V L   0.000 0.005 0.000 0.475 0.007 0.003 0.021 0.489 
   5 K E   0.000 0.002 0.000 0.744 0.006 0.001 0.015 0.231 
   6 V E   0.000 0.001 0.000 0.873 0.002 0.001 0.006 0.116 
   7 V E   0.000 0.000 0.000 0.953 0.001 0.001 0.006 0.039 
   8 F E   0.000 0.000 0.000 0.980 0.001 0.001 0.003 0.015 
   9 M E   0.000 0.001 0.000 0.954 0.001 0.001 0.006 0.037 
  10 G E   0.001 0.003 0.000 0.895 0.002 0.007 0.039 0.053 
  11 W E   0.002 0.004 0.000 0.846 0.006 0.005 0.044 0.094 
  12 F E   0.004 0.004 0.000 0.724 0.017 0.009 0.037 0.205 
  13 K T   0.010 0.021 0.000 0.122 0.004 0.671 0.082 0.089 
  14 N T   0.009 0.027 0.000 0.025 0.003 0.741 0.104 0.091 
  15 E T   0.025 0.049 0.000 0.017 0.003 0.454 0.312 0.140 
  16 S L   0.026 0.030 0.000 0.074 0.004 0.331 0.200 0.335 
  17 M E   0.033 0.020 0.000 0.562 0.014 0.057 0.173 0.142 
  18 F E   0.036 0.011 0.000 0.788 0.012 0.018 0.043 0.093 
  19 T E   0.036 0.007 0.000 0.816 0.005 0.012 0.022 0.102 
  20 K E   0.037 0.008 0.000 0.820 0.005 0.012 0.031 0.087 
  21 E E   0.035 0.009 0.000 0.786 0.003 0.011 0.016 0.141 
  22 I E   0.028 0.009 0.000 0.754 0.003 0.005 0.009 0.192 
  23 T E   0.020 0.006 0.000 0.760 0.006 0.007 0.026 0.174 
  24 M E   0.018 0.003 0.000 0.696 0.014 0.007 0.065 0.198 
  25 M E   0.018 0.001 0.000 0.502 0.012 0.005 0.041 0.421 
  26 K H   0.714 0.088 0.000 0.013 0.000 0.134 0.035 0.014 
  27 D H   0.753 0.089 0.000 0.009 0.000 0.113 0.025 0.011 
  28 D H   0.800 0.092 0.001 0.038 0.001 0.027 0.018 0.023 
  29 V H   0.864 0.004 0.001 0.104 0.002 0.005 0.004 0.017 
  30 Q H   0.864 0.001 0.000 0.126 0.001 0.004 0.002 0.002 
  31 W H   0.865 0.001 0.000 0.125 0.000 0.005 0.001 0.003 
  32 A H   0.866 0.001 0.000 0.112 0.001 0.007 0.001 0.011 
  33 T H   0.878 0.002 0.001 0.087 0.001 0.011 0.004 0.016 
  34 T H   0.891 0.005 0.001 0.052 0.001 0.023 0.009 0.018 
  35 Q H   0.895 0.005 0.001 0.025 0.001 0.026 0.009 0.038 
  36 Y H   0.940 0.005 0.001 0.017 0.001 0.016 0.007 0.014 
  37 A H   0.961 0.005 0.001 0.014 0.001 0.010 0.003 0.006 
  38 E H   0.968 0.005 0.000 0.012 0.000 0.008 0.002 0.005 
  39 V H   0.972 0.005 0.000 0.007 0.000 0.007 0.002 0.007 
  40 N H   0.969 0.005 0.000 0.003 0.000 0.008 0.002 0.013 
  41 K H   0.986 0.004 0.000 0.002 0.000 0.005 0.001 0.002 
  42 A H   0.988 0.004 0.000 0.002 0.000 0.004 0.000 0.001 
  43 L H   0.989 0.003 0.000 0.002 0.000 0.003 0.000 0.002 
  44 V H   0.987 0.003 0.000 0.004 0.000 0.003 0.000 0.002 
  45 K H   0.975 0.005 0.000 0.006 0.000 0.010 0.001 0.002 
  46 A H   0.897 0.009 0.001 0.009 0.000 0.077 0.002 0.005 
  47 F H   0.803 0.010 0.001 0.019 0.002 0.150 0.007 0.009 
  48 I H   0.671 0.012 0.001 0.029 0.016 0.139 0.064 0.069 
  49 D T   0.362 0.028 0.001 0.018 0.007 0.378 0.049 0.156 
  50 D T   0.297 0.055 0.000 0.006 0.002 0.526 0.041 0.073 
  51 K T   0.332 0.065 0.000 0.016 0.003 0.433 0.082 0.069 
  52 K H   0.341 0.044 0.000 0.118 0.009 0.078 0.076 0.333 
  53 V H   0.343 0.033 0.000 0.244 0.010 0.037 0.077 0.255 
  54 C E   0.327 0.036 0.000 0.335 0.017 0.059 0.065 0.162 
  55 E E   0.280 0.048 0.000 0.308 0.011 0.054 0.035 0.264 
  56 V L   0.231 0.068 0.000 0.190 0.005 0.068 0.069 0.367 
  57 D L   0.167 0.078 0.000 0.139 0.008 0.096 0.086 0.425 
  58 C L   0.090 0.067 0.000 0.093 0.010 0.123 0.084 0.533 
  59 R L   0.032 0.032 0.000 0.045 0.014 0.088 0.002 0.786 
  60 G L   0.001 0.001 0.000 0.000 0.000 0.000 0.001 0.997 
